4.5	3033,
4.464598	12293,
4.4228187	16147,
4.4186187	14283,
4.4148307	1256,
4.41069	5760,
4.3838863	7569,
4.3728223	4238,
4.3528843	14648,
4.339868	3290,
4.3391485	10947,
4.3182964	10080,
4.318182	7016,
4.2834196	17085,
4.2348847	3928,
4.234758	4207,
4.230477	12184,
4.218555	15557,
4.1987576	7445,
4.1954226	634,
4.1902437	4129,
4.1888556	15836,
4.1885223	5326,
4.1882944	2290,
4.181549	5700,
4.179767	577,
4.158356	15183,
4.149543	11812,
4.1381936	12125,
4.1128635	2430,
4.111111	8933,
4.1033688	8596,
4.09607	12100,
4.0799794	359,
4.0718155	6971,
4.0709486	9528,
4.0704226	16022,
4.0660295	14185,
4.056701	14859,
4.051787	2861,
4.047619	15480,
4.047439	4640,
4.0404315	722,
4.0392156	12589,
4.036053	712,
4.0359282	6756,
4.030738	12946,
4.0278883	14361,
4.0257683	13835,
4.023009	11236,
4.017582	14320,
4.012403	4468,
4.0120645	907,
4.0018134	2913,
3.9964159	11088,
3.9944444	7147,
3.9929454	7577,
3.9913905	4847,
3.9893777	11391,
3.9814434	5898,
3.9813085	7400,
3.9724183	14086,
3.9663866	7903,
3.9663372	8915,
3.9655397	17536,
3.9650502	2532,
3.9613662	12298,
3.9599924	3742,
3.9590495	13614,
3.9576747	8678,
3.9511013	15568,
3.9501002	14198,
3.9496624	16349,
3.9487178	12755,
3.9479015	10757,
3.9472845	14496,
3.9471831	5577,
3.944622	3269,
3.939438	6085,
3.9365404	395,
3.9340425	11124,
3.9329238	2601,
3.9307723	9689,
3.9305382	4405,
3.9270363	13636,
3.9168363	2660,
3.9123104	8072,
3.9117646	7516,
3.9106383	12159,
3.9105146	12855,
3.9099526	10321,
3.9094694	15475,
3.9092023	417,
3.909091	10743,
3.9056056	13015,
3.9043152	8654,
3.8982036	9046,
3.8979592	3032,
3.897239	15662,
3.8956044	4868,
3.8933437	13964,
3.8793478	10686,
3.878049	16252,
3.8770492	1213,
3.87689	7537,
3.8730159	5369,
3.8698149	10662,
3.8693182	2506,
3.867886	13878,
3.866864	2985,
3.861709	9946,
3.8592331	10255,
3.8582678	16555,
3.8547008	6939,
3.8531075	7334,
3.8492463	642,
3.8474443	442,
3.8436384	851,
3.8425288	1488,
3.8407185	10774,
3.8392856	5945,
3.8381796	992,
3.8375306	17324,
3.83592	3147,
3.8333333	14941,
3.83125	7505,
3.830655	11237,
3.8303502	7812,
3.8289635	443,
3.8256526	13927,
3.8252625	8677,
3.8246205	9728,
3.82243	8951,
3.819149	13877,
3.8175697	5025,
3.8139656	8526,
3.813256	4049,
3.8125	12488,
3.8124032	2503,
3.81117	9567,
3.8090875	8107,
3.807786	595,
3.8070176	2928,
3.806768	10851,
3.8042812	6650,
3.804196	17087,
3.8027308	1744,
3.801302	6408,
3.8	12952,
3.7994652	14807,
3.7993827	11839,
3.7971015	15276,
3.792989	10734,
3.79055	2342,
3.7887564	6093,
3.787736	14537,
3.7851253	3285,
3.7809076	11292,
3.7804754	13107,
3.7798684	16311,
3.7796373	6424,
3.779324	16784,
3.7782738	3733,
3.7759342	2212,
3.774687	11965,
3.7738094	5408,
3.771314	14272,
3.7662714	17174,
3.7659574	13608,
3.7650273	9701,
3.764706	6522,14800,
3.7630208	17182,
3.7619047	9337,
3.7601273	28,
3.76	10077,
3.7594502	11637,
3.7572987	1202,
3.7548637	10354,
3.7545218	12822,
3.7540193	14372,
3.7513967	14216,
3.7491102	5294,
3.7485232	518,
3.748087	12246,
3.7471263	10692,
3.7449307	3232,
3.743434	2043,
3.7418032	15152,
3.7387173	7387,
3.7343512	11688,
3.7294528	1123,
3.7279546	11888,
3.727862	14904,
3.7271307	16731,
3.7262666	3541,
3.72611	6287,
3.7231834	13377,
3.722112	16150,
3.7191782	2110,
3.716227	5963,
3.715162	17411,
3.7151515	3702,
3.7151163	2808,
3.7148438	16854,
3.7147117	3685,
3.7132354	8770,
3.7127767	12280,
3.7086093	13686,
3.707317	8029,
3.7058823	4385,
3.7045455	12824,
3.703125	7823,
3.7029736	10561,
3.70282	10792,
3.7024705	14096,
3.699913	4496,
3.6995788	9805,
3.6981819	8354,
3.696562	2955,
3.6965175	7638,1500,
3.695921	15464,
3.695804	13186,
3.6921797	1615,
3.6910112	15676,
3.6872635	3170,
3.6837718	14716,
3.6834936	13561,
3.682927	16986,
3.6828282	9747,
3.682731	9028,
3.6826348	9993,
3.6825264	10428,
3.6805348	14506,
3.6796117	2160,
3.677966	17348,
3.677805	12292,
3.6766055	9819,
3.6763005	2954,
3.675926	17515,
3.6751268	6892,
3.6750805	2755,
3.6734357	12875,
3.672147	4432,
3.6715686	15428,
3.6659992	2015,
3.6657276	2418,
3.6629303	7763,
3.6618998	2130,
3.661718	5562,
3.6596859	1644,
3.657411	9481,
3.6557863	9202,
3.6553571	15716,
3.6486487	5699,
3.6481526	1425,
3.647346	2643,
3.6465516	1564,
3.6436365	12178,
3.6428854	12639,
3.6422033	8851,
3.640625	14429,
3.638614	9324,
3.638433	12778,
3.6377952	14720,
3.637161	6190,
3.636923	8017,
3.6361415	3107,
3.6347826	3057,
3.6335878	7801,
3.6323845	11613,
3.6323528	3301,
3.6311054	14808,
3.6297297	12793,
3.6296296	6281,
3.6273375	14983,
3.6244814	17642,
3.624065	3955,
3.6231885	4768,
3.621202	13270,
3.6206481	48,
3.6198466	5970,
3.619844	15378,
3.6195889	5656,
3.6190476	3164,
3.6139333	16329,
3.6115704	16545,
3.6096153	2756,
3.609436	3590,
3.6086037	16705,
3.6084657	10104,
3.6077235	11567,
3.6069183	7736,
3.6067615	6228,
3.605843	8825,
3.6039436	6110,
3.6038136	7557,
3.6031497	12627,
3.601467	12812,
3.5981736	6220,
3.5980392	9482,
3.597762	16707,
3.5975542	10747,
3.5958188	7148,
3.5951104	13651,
3.5947955	3914,
3.5945194	13934,
3.5925925	12544,
3.5923629	14072,
3.5904908	6912,
3.589726	16629,
3.5889654	13046,
3.5876727	4849,
3.5874548	16670,
3.5866244	13887,
3.5862808	1848,
3.5861652	13451,
3.5860717	4627,
3.5860093	11651,
3.5854921	12607,
3.5852196	5727,
3.5842059	14248,
3.5841925	3073,
3.5840867	14457,
3.5834916	7511,
3.5834255	3903,
3.5833333	15629,
3.5820057	14430,
3.5819936	16246,
3.5819328	15911,
3.5789783	14407,
3.5789335	14144,
3.577406	17310,
3.5727775	2640,
3.5724638	16342,
3.5706522	267,
3.569341	361,
3.5690377	8085,
3.5686812	6389,
3.568133	5327,
3.5681233	15201,
3.5678763	5069,
3.5660748	15507,
3.5636044	15033,
3.5625246	13326,
3.5598886	13912,
3.5581396	11007,
3.5572233	7973,
3.5560942	8699,
3.5550587	1901,
3.5547569	3274,
3.5526316	12180,
3.5515625	14732,
3.550562	7382,
3.5490654	6541,
3.5473964	10576,
3.5465739	15496,
3.5455801	4005,
3.5441308	1832,
3.5441084	12894,
3.5434508	15841,
3.5430498	3740,
3.543027	16286,
3.5423853	6872,
3.5417025	16153,
3.5416667	4518,
3.540171	4224,
3.5401554	507,
3.5400927	10903,
3.5390933	7145,
3.5355995	11307,
3.533101	6566,
3.5325356	5958,
3.5323565	14643,
3.532004	9681,
3.5306666	1757,
3.5306122	9854,
3.530303	2886,
3.5296073	15657,
3.528844	14459,
3.5273724	2168,
3.5270271	5026,
3.5263157	16091,
3.5260417	17423,
3.5258915	11638,
3.5257452	12413,
3.5249074	3538,
3.5234306	12795,
3.5233018	11182,
3.522301	7406,
3.5221171	14209,
3.5217392	16733,
3.5215795	11884,
3.5215535	16889,
3.5212767	11824,
3.5208333	3941,
3.5195835	6177,
3.5189395	10800,
3.5185184	409,
3.5183673	14492,
3.5183616	12623,
3.5179973	2905,
3.5173342	13477,
3.5166667	12993,
3.5163043	5206,
3.5150578	3054,
3.5144033	916,
3.5124876	5149,
3.5117595	15257,
3.511628	12482,
3.5101058	3165,
3.507653	10810,
3.5054348	15982,
3.5052817	10284,
3.5030084	11851,
3.5028248	626,
3.5026882	305,
3.5021157	16082,
3.5	1825,13099,2682,5143,9691,
3.4997842	9310,
3.4975462	3355,
3.4958677	3559,
3.495327	11295,
3.4942887	6666,
3.493752	1367,
3.4905336	8039,
3.4904215	5813,
3.489712	13909,
3.4896142	725,
3.486172	8428,
3.4861684	15816,
3.48547	960,
3.483871	1444,
3.4829268	2083,
3.4828768	1076,
3.4818063	12538,
3.4817073	5883,
3.4814816	1061,
3.480198	229,4963,
3.47543	17290,
3.475	7916,
3.4744623	4552,
3.474435	16982,
3.4735532	6529,
3.4722223	9199,
3.470972	3893,
3.4669673	11829,
3.4661355	6400,
3.464064	2757,
3.4634433	14258,
3.4629145	14335,
3.4615386	3281,
3.4598684	636,
3.4588234	7681,
3.4561431	4932,
3.4553943	8493,
3.4550683	1134,
3.4537816	13831,
3.4537444	4008,
3.4532762	15855,
3.453133	15246,
3.4529262	6172,
3.45283	11786,
3.452349	15772,
3.451359	8781,
3.4501991	17522,
3.4488637	3568,
3.4479167	12634,
3.4460058	14177,
3.4455466	13787,
3.4453108	15449,
3.4452298	16554,
3.4450076	2375,
3.4444444	5284,
3.4435697	9699,
3.4428234	17574,
3.4409614	7186,
3.4368932	8977,
3.4325843	13783,
3.4320242	4902,
3.4313529	17725,
3.4299517	4299,
3.4290657	16931,
3.428817	16262,
3.4285715	16993,
3.4273255	8315,
3.425926	7858,
3.4256213	7517,
3.4251134	9672,
3.4235294	13633,
3.4232714	16797,
3.4229722	4485,
3.4227161	15576,
3.4221454	5556,
3.4220624	6066,
3.421217	8703,
3.4208992	8512,
3.420459	8163,
3.4202898	10195,
3.418897	6482,
3.4183674	7244,
3.4171247	1803,
3.4164948	15040,
3.4164524	8166,
3.4160156	6556,
3.4142115	14810,
3.4141867	638,
3.4135966	681,
3.412403	13055,
3.411005	5943,
3.4108527	12852,
3.4095366	14505,
3.4092445	10750,
3.409091	1967,
3.4074075	12046,
3.4061136	16559,
3.4055362	9617,
3.4048846	16606,
3.4048681	1853,
3.4042175	10889,
3.4041667	12291,
3.403546	6336,
3.4026153	15592,
3.4025156	2103,5941,
3.4013362	9237,
3.401062	14484,
3.4	17626,7283,15085,
3.3992538	17624,
3.3991032	12230,
3.397585	15955,
3.3963134	9997,
3.3953488	6946,
3.3945348	9043,
3.39375	11056,
3.3913043	6131,
3.3912346	3587,
3.3910892	12757,
3.39052	5607,
3.3899393	9798,
3.3891559	6911,
3.385475	237,
3.3823934	6226,
3.3823528	13802,
3.3794327	11107,
3.3793104	6714,
3.377551	8392,
3.3773584	13899,
3.3770661	15160,
3.3763473	6523,
3.3759298	3824,
3.3758945	11673,
3.3746457	12391,
3.3744855	15992,
3.3739545	12423,
3.3727782	15582,
3.3724215	15409,
3.3720703	4441,
3.3705926	3638,
3.370242	3200,
3.3690958	7919,
3.368421	12948,
3.3663194	4189,
3.3658535	2039,
3.3645434	12661,
3.3641975	2243,
3.3636363	8842,
3.362442	1851,
3.361611	11887,
3.357143	17196,
3.356761	14199,
3.3555677	10024,
3.3551912	3546,
3.3549922	7262,
3.3547246	156,
3.3539119	15830,
3.3510056	16444,
3.3460925	16162,
3.345244	17558,
3.343448	16788,
3.3428571	9297,
3.3415637	10959,
3.3387485	13298,
3.3382113	3237,
3.3373494	13387,
3.337238	17104,
3.3355048	1629,
3.3353138	7257,
3.3339796	4546,
3.3333333	16540,
3.3327644	14075,
3.33199	12336,
3.3307087	3498,
3.330193	16869,
3.3301888	12348,
3.3297415	6748,
3.3296177	12232,
3.3288288	11902,
3.3281853	8096,
3.3280454	13328,
3.3275433	13748,
3.327146	9717,
3.3266706	1046,
3.3264563	15515,
3.3262248	14013,
3.3243244	647,
3.324107	1305,
3.322973	7571,
3.3224638	9423,
3.3215258	17107,
3.3208995	12497,
3.3176584	10019,
3.3145187	11732,
3.3141832	5272,
3.3140495	16410,
3.3139014	3760,
3.3133333	13587,
3.3120947	10429,
3.3117783	14070,
3.3085105	13744,
3.3076923	10836,
3.3073592	15567,
3.3068182	9945,
3.3067226	5008,
3.306636	2512,
3.3043478	12504,
3.3020637	11614,
3.2993827	4257,
3.296875	9607,
3.2962964	9130,
3.295996	3151,
3.2946236	9831,
3.2922077	9230,
3.2916667	10578,
3.2913783	3253,
3.2903225	7776,
3.2900763	9843,
3.2899485	5877,
3.2890995	14560,
3.288889	7137,
3.2887402	6318,
3.288703	16396,
3.287162	14234,
3.2857144	17337,9973,
3.2848752	12760,
3.2848485	17056,
3.2818792	14930,
3.280836	17358,
3.280791	1406,
3.2803986	4144,
3.2786276	15532,
3.277783	4761,
3.275862	7408,
3.2757354	850,
3.2749944	2866,
3.274074	11261,
3.2736843	17523,
3.2734694	12010,
3.2695186	6917,
3.2676055	9640,
3.2659574	15714,15214,
3.2650602	12421,
3.2648222	6985,
3.26294	3613,
3.262931	655,
3.262566	10733,
3.2606382	8128,
3.260606	4119,
3.2601352	2794,
3.259552	949,
3.2592592	5485,
3.2586207	11284,
3.2585812	15529,
3.2569213	15516,
3.256859	15808,
3.2567432	15929,
3.2560763	10835,
3.2558439	1983,
3.2552083	606,
3.2540984	17706,
3.2517536	2460,
3.2517483	2492,
3.2469137	14244,
3.2457988	2104,
3.2453988	6086,
3.2452831	17616,
3.2440758	15962,
3.2425876	16335,
3.2416973	15410,
3.2406948	16741,
3.238349	849,
3.2310345	16247,
3.2289636	4943,
3.2284045	14154,
3.2283714	11442,
3.228188	15222,
3.2272637	4586,
3.225352	1868,
3.225082	9517,
3.225	15469,
3.2238805	14089,
3.2237053	6234,
3.2234042	14826,
3.2231228	11837,
3.223095	6988,
3.2222223	1523,7747,
3.220339	12372,10943,
3.2195444	3135,
3.2195122	4876,
3.2184875	7273,
3.2181818	10350,
3.2167182	7247,
3.2166667	14171,
3.2154696	3143,
3.2144036	2528,
3.2143233	11025,
3.2142856	13989,
3.2139175	9752,
3.2133334	11238,
3.2132852	2352,
3.2130766	17653,
3.2102792	16948,
3.210084	4061,
3.2099447	6543,
3.2099419	2518,
3.209524	7551,
3.2092257	718,
3.2091422	11775,
3.2080293	13604,
3.2058823	17741,
3.2055612	10712,
3.2037036	3149,
3.2035398	6395,
3.2023296	1482,
3.2015197	16790,
3.1986754	6901,
3.1978593	1668,
3.1969697	10349,
3.1968913	15165,
3.1960099	4064,
3.195804	12977,
3.1944444	2925,
3.19202	4840,
3.1909845	16770,
3.1900454	15071,
3.1899695	11563,
3.189655	11240,
3.1880734	15251,
3.1875	15331,
3.1871345	1609,
3.1864407	2818,
3.1846154	4268,
3.1844263	2597,
3.1836734	7721,923,
3.1833534	16046,
3.1818182	3943,
3.1799164	2773,
3.1785715	9890,
3.1771429	14738,
3.176923	8849,
3.1768708	12912,
3.1766946	8162,
3.1765704	2789,
3.1764705	15371,
3.1760564	2544,
3.1743772	6014,
3.171875	2355,
3.1707318	865,
3.1703124	5799,
3.1699347	16685,
3.1666667	16915,
3.1637852	13489,
3.1636364	11616,
3.1623306	11213,
3.1619718	8488,
3.1612904	10589,
3.1609194	3706,
3.1595745	17650,
3.159116	3229,
3.1584158	5361,
3.1583145	14712,
3.1567163	17020,
3.155251	259,
3.1531322	4122,
3.1515152	9767,
3.1509433	3044,
3.1487455	13674,
3.142857	1779,
3.1418812	15712,
3.1413043	13838,
3.1398134	7991,
3.137255	11348,
3.1348448	3734,
3.1339335	14088,
3.1336265	3743,
3.1325967	5640,
3.1320755	11021,
3.1311476	4513,
3.1290324	5849,
3.128049	14503,
3.1279762	3492,
3.125	7030,
3.1238966	12243,
3.1215565	1092,
3.121212	4264,
3.119403	11158,
3.118644	1007,
3.1149426	7806,
3.1142857	6406,
3.1142569	17561,
3.1141553	1559,
3.112554	3243,
3.1123595	795,
3.1121898	2749,
3.112069	3330,
3.1111112	7656,6932,
3.109375	8692,
3.109137	11806,
3.1086957	15115,
3.108108	10493,
3.1080863	2251,
3.107143	3329,
3.1060605	11003,
3.1052632	8561,
3.1046512	6619,
3.1030927	7188,16157,
3.102564	2707,
3.101827	17338,
3.1010454	5336,
3.1002507	7544,
3.1	5142,6215,
3.0991735	13563,
3.0989761	16975,
3.0982125	1104,
3.0979133	9256,
3.0961537	4215,
3.0945454	5129,
3.0935252	2106,
3.0933735	11197,
3.0925925	1313,
3.0921052	15338,
3.090909	16021,
3.0897958	17447,
3.0895522	92,
3.0892856	3084,
3.0869565	5267,
3.0842671	6291,
3.083691	16344,
3.0835736	15122,
3.0833333	16689,
3.0812218	12275,
3.0808315	930,
3.080645	6965,
3.0769231	816,
3.0731895	1260,
3.0730994	16663,
3.0729928	12503,
3.0714285	5225,
3.0695653	11317,
3.067414	3418,
3.0668592	16572,
3.0665824	4852,
3.0652175	13606,
3.065134	8994,
3.064935	4445,
3.0615385	16902,
3.0608108	13565,
3.0602636	11412,
3.0601504	6871,
3.0597014	7906,
3.0595722	3326,
3.059322	7968,
3.0570712	9131,
3.056497	3176,
3.0564806	12682,
3.055637	15539,
3.0555556	1889,
3.0553977	7607,
3.0553505	543,
3.0551043	8,
3.054054	1484,4190,
3.052966	11352,
3.051948	2147,
3.051454	2198,
3.0512822	15785,
3.0507882	9824,
3.0496614	8867,
3.048387	15121,
3.047619	9492,
3.0468497	9087,
3.0462468	9152,
3.0457144	13242,
3.045226	13858,
3.0445476	4429,
3.044304	14947,
3.0438597	13212,
3.043271	1140,
3.0416667	12386,17090,
3.041237	10781,
3.0408921	11463,
3.0408163	17454,
3.040201	11076,
3.0398407	1893,
3.037304	111,
3.0370371	13110,
3.0365186	2366,
3.0360293	6334,
3.0358744	3652,
3.035094	15820,
3.0328753	1884,
3.0325203	13601,
3.031994	1455,
3.0318022	6593,
3.0317194	12683,
3.0316455	7292,
3.0307693	7476,
3.0280454	3670,
3.0277777	5364,5901,
3.0270271	9376,
3.025974	12156,
3.0246212	1432,
3.0241122	5651,
3.0239725	6914,
3.0227273	16904,
3.0222223	13760,
3.02	12422,
3.019802	336,
3.0196078	14386,
3.0192838	3043,
3.018238	6013,
3.0166667	10127,17304,
3.0164835	12170,
3.0162916	4346,
3.0162601	9025,
3.0157666	4685,
3.0142858	16066,
3.013834	6448,
3.0138292	13853,
3.0136986	96,
3.0136054	4613,
3.0130615	5814,
3.0117648	3022,
3.011628	7386,
3.0114942	3727,
3.011111	15915,
3.010761	10926,
3.009901	12059,
3.0095086	11245,
3.0086706	7868,
3.0081437	5367,
3.007722	9629,
3.007446	17654,
3.0067568	797,
3.0064683	11034,
3.0051022	8452,
3.002996	14203,
3.0	2079,5552,13032,192,7923,4566,11838,16996,1675,14611,
2.9971182	11259,
2.9961164	17554,
2.9958677	6567,
2.994083	8121,
2.9939394	6550,
2.9929824	13334,
2.9929078	145,
2.9927797	7625,
2.9926863	11286,
2.9924924	2510,
2.9923663	5748,
2.9911075	7524,
2.9909909	13936,
2.9906542	2939,
2.9904695	10721,
2.988889	12695,
2.9887767	4042,
2.9875	14079,
2.987342	8534,
2.9868422	16849,
2.9861627	5897,
2.9851851	14392,
2.9848485	1557,
2.9842768	1167,
2.9824834	15234,
2.9821365	11080,
2.9820287	11347,
2.9816754	8889,
2.9804618	5716,
2.976804	4981,
2.9767442	16928,
2.9764998	185,
2.9764152	17635,
2.9761906	3486,
2.9753087	9867,
2.974359	380,4858,
2.9737444	4563,
2.9729729	15020,
2.9726028	4002,
2.9708738	15632,
2.970803	3598,
2.9707763	16232,
2.9701493	3977,
2.969697	5921,12202,
2.969328	10846,
2.96875	14518,3359,
2.968085	16494,
2.968	9920,
2.9672132	13199,
2.9666667	6467,
2.966443	885,
2.9663744	723,
2.9646018	16955,
2.96367	11376,
2.9607842	9537,2028,
2.9607143	9422,
2.960396	834,
2.9603174	5425,
2.960055	9421,
2.9586802	12798,
2.9583333	8008,2552,
2.9569893	13022,
2.9566667	911,
2.956621	15707,
2.956359	10921,
2.954902	6230,
2.9541984	3068,
2.9541745	14317,
2.9539473	666,
2.9538462	13569,
2.950914	15223,
2.9492753	9187,
2.9491525	10676,
2.9485714	12452,
2.9484537	4952,
2.9480875	3978,
2.9473684	10319,
2.947059	2053,
2.945946	5027,
2.9454546	11505,
2.9444702	7238,
2.944227	12432,
2.944056	3705,
2.9434187	9410,
2.9429824	1146,
2.942857	8560,
2.9409091	16563,
2.9402986	287,
2.940101	12355,
2.9375	15731,9620,
2.936508	8206,
2.9354208	8448,
2.9345255	7067,
2.9317074	4160,
2.9310346	16627,
2.930349	3890,
2.9300723	16169,
2.929752	12273,
2.9287598	566,
2.9285715	15051,909,
2.9273112	3220,
2.9270518	5426,
2.9268293	17734,
2.9264705	11923,
2.9252872	2859,
2.925	13432,5484,
2.923913	11330,
2.9212599	852,
2.9208634	1048,
2.92	12969,
2.9199383	2988,
2.9195766	452,
2.919355	16231,
2.9192545	9817,
2.9186993	12920,
2.9182692	16127,
2.9178083	2666,
2.9160306	2014,
2.915839	8384,
2.9152544	17074,
2.9142857	12847,
2.911215	7495,
2.9111369	8051,
2.9102564	10845,
2.91	1731,
2.9099216	1600,
2.9083874	2284,
2.9081633	15228,
2.9078948	5062,
2.9072165	17640,
2.906542	15691,
2.9047618	16408,
2.903226	3069,
2.9027293	122,
2.9019933	1252,
2.9	7437,510,
2.8991597	174,
2.8985507	6680,
2.8981042	7077,
2.8979592	14189,
2.895105	7022,
2.8947368	13289,
2.8921568	14722,
2.8903227	15981,
2.8888888	6979,
2.888	12709,
2.8853211	16300,
2.8846154	7698,
2.884058	4128,
2.8830402	14137,
2.8830276	15153,
2.881356	4439,
2.8802345	13288,
2.879185	3944,
2.8787186	4918,
2.8767123	6663,
2.8759124	1356,
2.8758621	8905,
2.875	11098,
2.874126	10939,
2.8737864	12775,
2.8709676	15648,
2.8705149	9875,
2.8698392	6347,
2.869771	17693,
2.8685832	9059,
2.868421	17137,11835,
2.8678415	13965,
2.867347	815,
2.8666666	10048,
2.8659794	7931,
2.8656716	10025,
2.8648648	13339,
2.8636363	3881,
2.863029	17334,
2.862903	1190,
2.8623178	10109,
2.862069	1898,9735,
2.8611112	16000,
2.860465	10777,
2.8596492	10595,4152,
2.8595505	4966,
2.859155	16055,
2.858209	16599,
2.857143	3584,2659,
2.8564355	11952,
2.8562875	14552,
2.8547485	13905,
2.8545454	16506,
2.8540838	16970,
2.8533332	5623,
2.8523936	10100,
2.8508437	5220,
2.8503938	14645,
2.85	12396,2745,
2.849366	7899,
2.8479087	13154,
2.8470588	8341,
2.8461537	14046,
2.8434238	14169,
2.8432837	790,
2.8431373	11041,
2.8421052	3201,11027,
2.8395905	5175,
2.8390806	11177,
2.837934	17203,
2.8375	6200,
2.835294	10404,
2.834008	15272,
2.8333333	6536,3904,10762,2786,
2.8322148	16135,
2.8318584	1407,
2.8317757	6737,
2.8307693	12700,
2.8297873	9612,
2.8292682	1340,
2.8285713	8896,8260,4619,
2.8262599	13485,
2.8258488	398,
2.8253968	13188,583,
2.825	10076,
2.8244874	5342,
2.8244274	8594,
2.8235295	15998,
2.820977	3192,
2.8200836	17082,
2.8174603	4359,
2.8139534	16131,
2.8135593	16477,
2.8125	7011,
2.8095238	8458,16398,12864,16916,4574,
2.8089173	4935,
2.8068964	8697,
2.8060606	9551,
2.8059702	11908,
2.8051949	2909,
2.804878	5465,
2.8035715	12653,
2.8028169	13456,
2.8015268	5123,
2.8	1958,6991,6285,
2.7982457	481,
2.7971015	8249,
2.796875	10219,
2.7959185	16820,
2.7943263	7466,
2.7941177	9697,
2.7931035	11380,
2.78481	10900,
2.78341	7939,
2.7794118	14581,
2.7777777	11133,
2.7759564	2344,
2.7734864	2731,
2.7730496	17344,
2.7727273	14100,
2.7708333	17202,
2.7704918	16001,
2.7682927	17742,
2.7672584	3316,
2.7654321	7109,
2.7641509	123,
2.762963	14793,
2.761062	12604,
2.7595391	6315,
2.7592592	13363,
2.7586207	154,
2.7580645	9720,
2.7578948	10006,9568,
2.7575758	9967,11966,
2.7568922	8919,
2.754386	6405,
2.7530718	13519,
2.7525773	13507,
2.7512388	4283,
2.75	16787,9404,13145,11408,
2.7472527	13632,
2.745098	11316,4272,
2.744681	5785,
2.7441862	11086,6466,
2.7435896	10391,5827,
2.7410715	11253,
2.739521	8052,
2.7386363	8582,
2.7380953	2036,1952,8657,
2.7368422	4032,
2.7361112	11689,
2.7359693	15547,
2.7358491	15142,
2.735294	13682,
2.7333333	10992,3861,
2.7319589	6629,
2.7306561	15741,
2.7301886	2235,
2.7294214	11340,
2.7286823	13438,
2.7272727	10735,6885,
2.7252748	13823,
2.725	10188,
2.7246377	9716,
2.724138	14442,
2.7224596	4569,
2.7222223	10870,
2.720812	3889,
2.72	14743,8007,
2.7192984	6419,
2.7176685	15216,
2.716418	11339,
2.7153285	6446,
2.7142856	3351,8718,6743,3722,
2.712475	12679,
2.7123895	4647,
2.712264	15946,
2.709091	10670,
2.7087379	13758,6356,
2.7083333	2629,
2.704795	11496,
2.7045076	5096,
2.704301	8200,
2.7042253	16467,
2.7037036	8390,
2.70229	3994,
2.7	5131,4737,
2.699739	14551,
2.6984127	14380,
2.6971831	8920,
2.6962025	740,
2.6938775	14575,
2.6933334	7299,
2.6923077	1554,
2.6911764	17728,
2.6888888	5979,
2.6875	16906,
2.687075	9750,
2.6859505	9650,
2.6843033	2658,
2.6834116	3862,
2.6833334	813,
2.6831229	16589,
2.6828945	10082,
2.6792452	5337,
2.6790123	14282,6260,
2.6764705	4750,
2.6760564	13680,
2.6759493	13938,
2.6756756	6136,
2.674877	2621,
2.6732674	1944,
2.6727273	17394,
2.6714287	2042,
2.6703296	12705,
2.6666667	3586,9530,7770,8566,
2.665	9855,
2.6649146	7442,
2.6629214	16188,
2.6627908	14231,
2.6617646	12780,
2.6615384	3647,
2.6601124	6919,
2.6571429	15726,
2.6567163	8804,
2.65625	6562,
2.6557376	6417,
2.6545455	14902,
2.6538463	4218,
2.6536586	10089,
2.652436	11690,
2.652174	14932,7116,
2.6510067	2931,
2.648485	13461,
2.648148	8005,
2.6470587	214,
2.642857	844,
2.6413043	14314,
2.6410255	2232,
2.637931	1188,
2.6349206	6308,
2.6347826	12276,
2.6341465	7950,
2.6321568	2316,
2.6318898	10522,
2.631579	17255,12496,
2.630137	6338,
2.6285715	10572,
2.628205	2715,
2.627451	16120,
2.6266143	127,
2.625	11511,10034,
2.622449	8352,
2.6216216	218,
2.6176472	6830,
2.6164384	2918,
2.6142857	3848,
2.6140351	5911,
2.6132076	16129,
2.6120958	13638,
2.609756	16042,
2.6065574	3440,826,
2.6060605	13911,
2.6052632	1192,
2.6026785	5766,
2.6026666	9343,
2.602564	10659,
2.6	14836,14347,
2.5972223	14136,
2.595525	8307,
2.594203	4239,
2.5925925	5835,
2.5916667	12957,
2.5882354	14440,
2.5877192	8365,
2.5865386	5160,
2.5863748	1845,
2.586207	15202,14995,
2.5850341	1333,
2.5737705	11436,
2.5735295	6611,
2.5714285	2678,8220,4811,15842,878,
2.5694444	15213,
2.5692308	2807,
2.5688074	12472,
2.5673077	10237,
2.5666666	11048,
2.5625	10780,
2.5609756	11723,9107,
2.559322	207,
2.5590355	1289,
2.5588236	13590,
2.5555556	1388,3271,
2.5538461	16488,
2.5517242	7255,11235,
2.548387	9989,
2.547619	440,13664,
2.546875	15060,
2.5461538	6481,
2.5454545	11766,
2.5421686	1896,
2.5416667	6894,15478,
2.5409837	2995,
2.5394738	13360,
2.535433	12189,
2.5354152	16283,
2.5353534	7132,
2.5348837	15809,
2.5333333	16035,8002,450,
2.531915	10555,
2.5317461	16112,
2.53125	11159,
2.5308642	8706,
2.5294118	9953,
2.5285714	15695,
2.528302	5157,
2.5277777	16256,
2.5272727	7822,14290,
2.5261781	5604,
2.5257733	10248,
2.5257452	761,
2.5241935	2193,
2.5238094	6678,16422,
2.5229886	6250,
2.5218658	15150,
2.5172415	8207,
2.516129	8738,
2.5142858	3094,
2.511628	13218,
2.5106382	5966,
2.510204	14329,
2.509804	4645,
2.509434	4329,
2.508772	6358,
2.5084746	7768,10978,
2.5081968	15005,
2.5079365	16132,
2.5075529	17556,
2.5074627	1343,
2.5072465	11288,
2.5	4637,17068,10194,12284,10540,9093,12863,
2.4932432	779,
2.4925373	15192,
2.49011	5474,
2.4895105	1464,
2.4891775	5568,
2.487805	14469,
2.4848485	11418,
2.484375	6668,
2.4827585	6390,
2.482143	11951,
2.4814816	13137,
2.4807692	3257,
2.4782608	12510,
2.4767838	3196,
2.4761906	9885,12419,
2.4756098	15670,
2.4732144	15610,
2.4727273	7527,8628,
2.4722223	6252,
2.4710743	1807,
2.4705882	13861,16018,
2.46875	6137,
2.4666667	16277,17660,64,15993,
2.4651163	318,
2.4642856	12117,
2.463768	17326,
2.4634147	3891,
2.4615386	14077,1122,
2.4545455	827,14324,
2.452725	2675,
2.451613	7329,
2.4477613	15763,
2.4473684	855,16243,
2.4469526	323,
2.4440677	2565,
2.440678	4901,
2.4375	13235,6140,
2.4358974	2569,
2.435484	11867,
2.4339623	8422,
2.4333334	888,
2.4285715	12199,
2.425	6069,
2.4242425	9744,10843,
2.4230769	7236,
2.4223602	14292,
2.4210527	2969,
2.418182	16830,
2.4166667	10368,
2.4153845	8435,
2.4150944	7075,
2.4148862	9518,
2.4146342	6889,
2.4130435	1522,
2.4122138	1078,
2.4117646	7503,4095,7512,
2.4081633	946,
2.4067798	4921,
2.4042554	11312,
2.4	5311,14462,2718,
2.3977273	557,578,
2.3958333	11395,
2.3943663	6289,
2.3917525	17466,
2.3913043	2298,15536,
2.390244	140,4556,
2.3880596	7339,
2.3859649	61,
2.3829787	4742,1951,
2.3816793	16988,
2.3809524	13828,7838,
2.3802817	14354,
2.3793104	15135,
2.3764706	8766,
2.375	9632,15661,
2.372549	16451,
2.372093	1903,
2.3714285	1430,3658,
2.3710182	2356,
2.3666666	11513,
2.3615384	11510,
2.3584905	6276,
2.3580246	7084,
2.3529413	594,
2.3488371	8495,
2.3484848	12455,
2.3461537	11232,6998,
2.3404255	10826,
2.3387096	8661,
2.3333333	13531,8058,14255,12606,
2.325	6480,
2.3235295	5729,2504,
2.321839	15527,
2.3214285	735,
2.32	7068,
2.319149	8921,
2.3157895	7061,
2.3142858	541,
2.310345	43,1054,
2.31	7136,
2.3095238	222,
2.3043478	6257,8182,
2.3028286	2116,
2.302521	15754,
2.301948	2432,
2.2978723	13677,
2.2948718	3874,
2.2916667	12133,
2.290909	14594,
2.2830188	10462,10663,
2.2807016	3878,
2.2790697	6354,
2.2786884	14962,
2.2777777	2343,
2.2769232	8537,
2.2710843	7518,
2.2698412	7567,
2.265625	6839,
2.2641509	14279,6121,
2.2631578	13262,
2.2575758	5790,
2.2538462	9550,
2.25	15413,7901,2642,1993,
2.2467406	1100,
2.2448978	2058,
2.2368422	9930,
2.2325583	3298,
2.2314816	7726,
2.2307692	10187,
2.2272727	10108,4538,
2.2222223	1841,9730,7802,
2.2166667	11866,
2.2162163	4837,
2.2142856	2604,
2.2051282	14625,
2.203125	9186,
2.2027142	13059,
2.1971831	2438,
2.1929824	9602,
2.1875	16456,
2.1818182	15074,
2.1794872	12936,
2.1791046	13817,
2.1707318	16726,
2.1680672	16933,
2.1666667	17534,
2.1612904	7033,
2.16	5641,
2.1587303	4023,
2.148148	2560,
2.1470587	12733,
2.142857	13150,9167,
2.14	11011,
2.1384616	66,
2.1304348	11757,
2.1276596	8023,
2.122449	7458,
2.121951	11009,
2.12	4880,14470,
2.1176472	6537,
2.1111112	13299,
2.108108	1091,
2.1052632	669,
2.1	6277,
2.0952382	2667,
2.090909	15951,
2.0882354	4986,
2.084507	17232,
2.0783134	13215,
2.074074	13431,
2.0727272	9897,
2.0714285	11319,
2.064516	17689,
2.061157	7587,
2.0545454	2616,
2.049505	7063,
2.048387	11657,
2.0454545	1966,
2.04	11054,16761,
2.0384614	1268,
2.0280373	11294,3655,
2.0243902	9401,
2.0212767	7921,
2.0203488	7418,
2.018868	16999,
2.0185184	6103,
2.0144928	4076,
2.0	13589,13464,8268,5098,10415,15510,2562,16576,11536,11344,17065,15175,
1.9787234	15391,14099,
1.9775281	9719,
1.9726027	4694,
1.9673736	4394,
1.9666667	276,
1.9589041	8401,
1.9583334	1059,
1.9545455	2313,
1.9534883	16950,
1.9382716	16762,
1.9345795	11631,
1.925926	8491,
1.9130435	6975,
1.8888888	8798,
1.8780488	11493,
1.8775511	17551,
1.8648648	16122,
1.8571428	15961,
1.8478261	16613,
1.8392857	13305,
1.8275862	1205,
1.8205128	15438,
1.7926829	9600,
1.7857143	4875,
1.7555555	13769,
1.7532468	4544,
1.7439024	6208,
1.7307693	14957,
1.7272727	17124,
1.7261904	12123,
1.7209302	3189,
1.6756756	5159,
1.675	7089,
1.637931	6363,
1.6285714	15083,
1.6162791	14775,
1.6129032	9696,
1.5737705	1924,
1.5581396	12887,11686,
1.5357143	14740,
1.4672897	15687,
