10006	2.7578948
10019	3.3176584
10024	3.3555677
10025	2.8656716
10034	2.625
10048	2.8666666
1007	3.118644
10076	2.825
10077	3.76
10080	4.3182964
10082	2.6828945
10089	2.6536586
10100	2.8523936
10104	3.6084657
10108	2.2272727
10109	2.8623178
10127	3.0166667
10187	2.2307692
10188	2.725
10194	2.5
10195	3.4202898
10219	2.796875
10237	2.5673077
10248	2.5257733
10255	3.8592331
10284	3.5052817
10319	2.9473684
10321	3.9099526
10349	3.1969697
10350	3.2181818
10354	3.7548637
10368	2.4166667
10391	2.7435896
10404	2.835294
10415	2.0
10428	3.6825264
10429	3.3120947
1046	3.3266706
10462	2.2830188
1048	2.9208634
10493	3.108108
10522	2.6318898
1054	2.310345
10540	2.5
10555	2.531915
10561	3.7029736
10572	2.6285715
10576	3.5473964
10578	3.2916667
10589	3.1612904
1059	1.9583334
10595	2.8596492
1061	3.4814816
10659	2.602564
10662	3.8698149
10663	2.2830188
10670	2.709091
10676	2.9491525
10686	3.8793478
10692	3.7471263
10712	3.2055612
10721	2.9904695
10733	3.262566
10734	3.792989
10735	2.7272727
10743	3.909091
10747	3.5975542
10750	3.4092445
10757	3.9479015
1076	3.4828768
10762	2.8333333
10774	3.8407185
10777	2.860465
1078	2.4122138
10780	2.5625
10781	3.041237
10792	3.70282
10800	3.5189395
10810	3.507653
10826	2.3404255
10835	3.2560763
10836	3.3076923
10843	2.4242425
10845	2.9102564
10846	2.969328
10851	3.806768
10870	2.7222223
10889	3.4042175
10900	2.78481
10903	3.5400927
1091	2.108108
1092	3.1215565
10921	2.956359
10926	3.010761
10939	2.874126
10943	3.220339
10947	4.3391485
10959	3.3415637
10978	2.5084746
10992	2.7333333
1100	2.2467406
11003	3.1060605
11007	3.5581396
11009	2.121951
11011	2.14
11021	3.1320755
11025	3.2143233
11027	2.8421052
11034	3.0064683
1104	3.0982125
11041	2.8431373
11048	2.5666666
11054	2.04
11056	3.39375
11076	3.040201
11080	2.9821365
11086	2.7441862
11088	3.9964159
11098	2.875
111	3.037304
11107	3.3794327
11124	3.9340425
11133	2.7777777
11158	3.119403
11159	2.53125
11177	2.8390806
11182	3.5233018
11197	3.0933735
11213	3.1623306
1122	2.4615386
1123	3.7294528
11232	2.3461537
11235	2.5517242
11236	4.023009
11237	3.830655
11238	3.2133334
11240	3.189655
11245	3.0095086
11253	2.7410715
11259	2.9971182
11261	3.274074
11284	3.2586207
11286	2.9926863
11288	2.5072465
11292	3.7809076
11294	2.0280373
11295	3.495327
11307	3.5355995
11312	2.4042554
11316	2.745098
11317	3.0695653
11319	2.0714285
11330	2.923913
11339	2.716418
1134	3.4550683
11340	2.7294214
11344	2.0
11347	2.9820287
11348	3.137255
11352	3.052966
11376	2.96367
11380	2.7931035
11391	3.9893777
11395	2.3958333
1140	3.043271
11408	2.75
11412	3.0602636
11418	2.4848485
11436	2.5737705
11442	3.2283714
1146	2.9429824
11463	3.0408921
11493	1.8780488
11496	2.704795
11505	2.9454546
11510	2.3615384
11511	2.625
11513	2.3666666
11536	2.0
11563	3.1899695
11567	3.6077235
11613	3.6323845
11614	3.3020637
11616	3.1636364
11631	1.9345795
11637	3.7594502
11638	3.5258915
11651	3.5860093
11657	2.048387
1167	2.9842768
11673	3.3758945
11686	1.5581396
11688	3.7343512
11689	2.7361112
11690	2.652436
11723	2.5609756
11732	3.3145187
11757	2.1304348
11766	2.5454545
11775	3.2091422
11786	3.45283
11806	3.109137
11812	4.149543
11824	3.5212767
11829	3.4669673
11835	2.868421
11837	3.2231228
11838	3.0
11839	3.7993827
11851	3.5030084
11866	2.2166667
11867	2.435484
1188	2.637931
11884	3.5215795
11887	3.361611
11888	3.7279546
1190	2.862903
11902	3.3288288
11908	2.8059702
1192	2.6052632
11923	2.9264705
11951	2.482143
11952	2.8564355
11965	3.774687
11966	2.7575758
12010	3.2734694
1202	3.7572987
12046	3.4074075
1205	1.8275862
12059	3.009901
12100	4.09607
12117	2.4642856
12123	1.7261904
12125	4.1381936
1213	3.8770492
12133	2.2916667
12156	3.025974
12159	3.9106383
12170	3.0164835
12178	3.6436365
12180	3.5526316
12184	4.230477
12189	2.535433
12199	2.4285715
122	2.9027293
12202	2.969697
12230	3.3991032
12232	3.3296177
12243	3.1238966
12246	3.748087
12273	2.929752
12275	3.0812218
12276	2.6347826
12280	3.7127767
12284	2.5
12291	3.4041667
12292	3.677805
12293	4.464598
12298	3.9613662
123	2.7641509
12336	3.33199
12348	3.3301888
12355	2.940101
12372	3.220339
12386	3.0416667
12391	3.3746457
12396	2.85
12413	3.5257452
12419	2.4761906
12421	3.2650602
12422	3.02
12423	3.3739545
12432	2.944227
12452	2.9485714
12455	2.3484848
12472	2.5688074
12482	3.511628
12488	3.8125
12496	2.631579
12497	3.3208995
12503	3.0729928
12504	3.3043478
12510	2.4782608
1252	2.9019933
12538	3.4818063
12544	3.5925925
1256	4.4148307
12589	4.0392156
1260	3.0731895
12604	2.761062
12606	2.3333333
12607	3.5854921
12623	3.5183616
12627	3.6031497
12634	3.4479167
12639	3.6428854
12653	2.8035715
12661	3.3645434
12679	2.712475
1268	2.0384614
12682	3.0564806
12683	3.0317194
12695	2.988889
127	2.6266143
12700	2.8307693
12705	2.6703296
12709	2.888
12733	2.1470587
12755	3.9487178
12757	3.3910892
12760	3.2848752
12775	2.8737864
12778	3.638433
12780	2.6617646
12793	3.6297297
12795	3.5234306
12798	2.9586802
12812	3.601467
12822	3.7545218
12824	3.7045455
12847	2.9142857
12852	3.4108527
12855	3.9105146
12863	2.5
12864	2.8095238
12875	3.6734357
12887	1.5581396
1289	2.5590355
12894	3.5441084
12912	3.1768708
12920	2.9186993
12936	2.1794872
12946	4.030738
12948	3.368421
12952	3.8
12957	2.5916667
12969	2.92
12977	3.195804
12993	3.5166667
13015	3.9056056
13022	2.9569893
13032	3.0
13046	3.5889654
1305	3.324107
13055	3.412403
13059	2.2027142
13099	3.5
13107	3.7804754
13110	3.0370371
1313	3.0925925
13137	2.4814816
13145	2.75
13150	2.142857
13154	2.8479087
13186	3.695804
13188	2.8253968
13199	2.9672132
13212	3.0438597
13215	2.0783134
13218	2.511628
13235	2.4375
13242	3.0457144
13262	2.2631578
13270	3.621202
13288	2.8802345
13289	2.8947368
13298	3.3387485
13299	2.1111112
13305	1.8392857
13326	3.5625246
13328	3.3280454
1333	2.5850341
13334	2.9929824
13339	2.8648648
13360	2.5394738
13363	2.7592592
13377	3.7231834
13387	3.3373494
1340	2.8292682
1343	2.5074627
13431	2.074074
13432	2.925
13438	2.7286823
13451	3.5861652
13456	2.8028169
13461	2.648485
13464	2.0
13477	3.5173342
13485	2.8262599
13489	3.1637852
13507	2.7525773
13519	2.7530718
13531	2.3333333
1356	2.8759124
13561	3.6834936
13563	3.0991735
13565	3.0608108
13569	2.9538462
13587	3.3133333
13589	2.0
13590	2.5588236
13601	3.0325203
13604	3.2080293
13606	3.0652175
13608	3.7659574
13614	3.9590495
13632	2.7472527
13633	3.4235294
13636	3.9270363
13638	2.6120958
13651	3.5951104
13664	2.547619
1367	3.493752
13674	3.1487455
13677	2.2978723
13680	2.6760564
13682	2.735294
13686	3.7086093
13744	3.3085105
13748	3.3275433
13758	2.7087379
13760	3.0222223
13769	1.7555555
13783	3.4325843
13787	3.4455466
13802	3.3823528
13817	2.1791046
13823	2.7252748
13828	2.3809524
13831	3.4537816
13835	4.0257683
13838	3.1413043
13853	3.0138292
13858	3.045226
13861	2.4705882
13877	3.819149
13878	3.867886
1388	2.5555556
13887	3.5866244
13899	3.3773584
13905	2.8547485
13909	3.489712
13911	2.6060605
13912	3.5598886
13927	3.8256526
13934	3.5945194
13936	2.9909909
13938	2.6759493
13964	3.8933437
13965	2.8678415
13989	3.2142856
140	2.390244
14013	3.3262248
14046	2.8461537
1406	3.280791
1407	2.8318584
14070	3.3117783
14072	3.5923629
14075	3.3327644
14077	2.4615386
14079	2.9875
14086	3.9724183
14088	3.1339335
14089	3.2238805
14096	3.7024705
14099	1.9787234
14100	2.7727273
14136	2.5972223
14137	2.8830402
14144	3.5789335
14154	3.2284045
14169	2.8434238
14171	3.2166667
14177	3.4460058
14185	4.0660295
14189	2.8979592
14198	3.9501002
14199	3.356761
14203	3.002996
14209	3.5221171
14216	3.7513967
14231	2.6627908
14234	3.287162
14244	3.2469137
14248	3.5842059
1425	3.6481526
14255	2.3333333
14258	3.4634433
14272	3.771314
14279	2.2641509
14282	2.6790123
14283	4.4186187
14290	2.5272727
14292	2.4223602
1430	2.3714285
14314	2.6413043
14317	2.9541745
1432	3.0246212
14320	4.017582
14324	2.4545455
14329	2.510204
14335	3.4629145
14347	2.6
14354	2.3802817
14361	4.0278883
14372	3.7540193
14380	2.6984127
14386	3.0196078
14392	2.9851851
14407	3.5789783
14429	3.640625
14430	3.5820057
1444	3.483871
14440	2.5882354
14442	2.724138
14457	3.5840867
14459	3.528844
14462	2.4
14469	2.487805
14470	2.12
14484	3.401062
14492	3.5183673
14496	3.9472845
145	2.9929078
14503	3.128049
14505	3.4095366
14506	3.6805348
14518	2.96875
14537	3.787736
1455	3.031994
14551	2.699739
14552	2.8562875
14560	3.2890995
14575	2.6938775
14581	2.7794118
14594	2.290909
14611	3.0
14625	2.2051282
1464	2.4895105
14643	3.5323565
14645	2.8503938
14648	4.3528843
14712	3.1583145
14716	3.6837718
14720	3.6377952
14722	2.8921568
14732	3.5515625
14738	3.1771429
14740	1.5357143
14743	2.72
14775	1.6162791
14793	2.762963
14800	3.764706
14807	3.7994652
14808	3.6311054
14810	3.4142115
1482	3.2023296
14826	3.2234042
14836	2.6
1484	3.054054
14859	4.056701
1488	3.8425288
14902	2.6545455
14904	3.727862
14930	3.2818792
14932	2.652174
14941	3.8333333
14947	3.044304
14957	1.7307693
14962	2.2786884
14983	3.6273375
14995	2.586207
1500	3.6965175
15005	2.5081968
15020	2.9729729
15033	3.5636044
15040	3.4164948
15051	2.9285715
15060	2.546875
15071	3.1900454
15074	2.1818182
15083	1.6285714
15085	3.4
15115	3.1086957
15121	3.048387
15122	3.0835736
15135	2.3793104
15142	2.7358491
15150	2.5218658
15152	3.7418032
15153	2.8830276
15160	3.3770661
15165	3.1968913
15175	2.0
15183	4.158356
15192	2.4925373
15201	3.5681233
15202	2.586207
15213	2.5694444
15214	3.2659574
15216	2.7176685
1522	2.4130435
15222	3.228188
15223	2.950914
15228	2.9081633
1523	3.2222223
15234	2.9824834
15246	3.453133
15251	3.1880734
15257	3.5117595
15272	2.834008
15276	3.7971015
15331	3.1875
15338	3.0921052
15371	3.1764705
15378	3.619844
15391	1.9787234
154	2.7586207
15409	3.3724215
15410	3.2416973
15413	2.25
15428	3.6715686
15438	1.8205128
15449	3.4453108
15464	3.695921
15469	3.225
15475	3.9094694
15478	2.5416667
15480	4.047619
15496	3.5465739
15507	3.5660748
15510	2.0
15515	3.3264563
15516	3.2569213
15527	2.321839
15529	3.2585812
15532	3.2786276
15536	2.3913043
15539	3.055637
1554	2.6923077
15547	2.7359693
15557	4.218555
15567	3.3073592
15568	3.9511013
1557	2.9848485
15576	3.4227161
15582	3.3727782
1559	3.1141553
15592	3.4026153
156	3.3547246
15610	2.4732144
15629	3.5833333
15632	2.9708738
1564	3.6465516
15648	2.8709676
15657	3.5296073
15661	2.375
15662	3.897239
15670	2.4756098
15676	3.6910112
15687	1.4672897
15691	2.906542
15695	2.5285714
15707	2.956621
15712	3.1418812
15714	3.2659574
15716	3.6553571
15726	2.6571429
15731	2.9375
15741	2.7306561
15754	2.302521
15763	2.4477613
15772	3.452349
15785	3.0512822
15808	3.256859
15809	2.5348837
15816	3.4861684
15820	3.035094
15830	3.3539119
15836	4.1888556
15841	3.5434508
15842	2.5714285
15855	3.4532762
15911	3.5819328
15915	3.011111
15929	3.2567432
15946	2.712264
15951	2.090909
15955	3.397585
15961	1.8571428
15962	3.2440758
15981	2.8903227
15982	3.5054348
15992	3.3744855
15993	2.4666667
15998	2.8235295
1600	2.9099216
16000	2.8611112
16001	2.7704918
16018	2.4705882
16021	3.090909
16022	4.0704226
16035	2.5333333
16042	2.609756
16046	3.1833534
16055	2.859155
16066	3.0142858
16082	3.5021157
1609	3.1871345
16091	3.5263157
16112	2.5317461
16120	2.627451
16122	1.8648648
16127	2.9182692
16129	2.6132076
16131	2.8139534
16132	2.5079365
16135	2.8322148
16147	4.4228187
1615	3.6921797
16150	3.722112
16153	3.5417025
16157	3.1030927
16162	3.3460925
16169	2.9300723
16188	2.6629214
16231	2.919355
16232	2.9707763
16243	2.4473684
16246	3.5819936
16247	3.2310345
16252	3.878049
16256	2.5277777
16262	3.428817
16277	2.4666667
16283	2.5354152
16286	3.543027
1629	3.3355048
16300	2.8853211
16311	3.7798684
16329	3.6139333
16335	3.2425876
16342	3.5724638
16344	3.083691
16349	3.9496624
16396	3.288703
16398	2.8095238
16408	2.9047618
16410	3.3140495
16422	2.5238094
1644	3.6596859
16444	3.3510056
16451	2.372549
16456	2.1875
16467	2.7042253
16477	2.8135593
16488	2.5538461
16494	2.968085
16506	2.8545454
16540	3.3333333
16545	3.6115704
16554	3.4452298
16555	3.8582678
16559	3.4061136
16563	2.9409091
16572	3.0668592
16576	2.0
16589	2.6831229
16599	2.858209
16606	3.4048846
16613	1.8478261
16627	2.9310346
16629	3.589726
16663	3.0730994
16670	3.5874548
1668	3.1978593
16685	3.1699347
16689	3.0833333
16705	3.6086037
16707	3.597762
16726	2.1707318
16731	3.7271307
16733	3.5217392
16741	3.2406948
1675	3.0
16761	2.04
16762	1.9382716
16770	3.1909845
16784	3.779324
16787	2.75
16788	3.343448
16790	3.2015197
16797	3.4232714
16820	2.7959185
16830	2.418182
16849	2.9868422
16854	3.7148438
16869	3.330193
16889	3.5215535
16902	3.0615385
16904	3.0227273
16906	2.6875
16915	3.1666667
16916	2.8095238
16928	2.9767442
16931	3.4290657
16933	2.1680672
16948	3.2102792
16950	1.9534883
16955	2.9646018
16970	2.8540838
16975	3.0989761
16982	3.474435
16986	3.682927
16988	2.3816793
16993	3.4285715
16996	3.0
16999	2.018868
17020	3.1567163
17056	3.2848485
17065	2.0
17068	2.5
17074	2.9152544
17082	2.8200836
17085	4.2834196
17087	3.804196
17090	3.0416667
17104	3.337238
17107	3.3215258
17124	1.7272727
17137	2.868421
17174	3.7662714
17182	3.7630208
17196	3.357143
17202	2.7708333
17203	2.837934
17232	2.084507
17255	2.631579
17290	3.47543
17304	3.0166667
1731	2.91
17310	3.577406
17324	3.8375306
17326	2.463768
17334	2.863029
17337	3.2857144
17338	3.101827
17344	2.7730496
17348	3.677966
17358	3.280836
17394	2.6727273
174	2.8991597
17411	3.715162
17423	3.5260417
1744	3.8027308
17447	3.0897958
17454	3.0408163
17466	2.3917525
17515	3.675926
17522	3.4501991
17523	3.2736843
17534	2.1666667
17536	3.9655397
17551	1.8775511
17554	2.9961164
17556	2.5075529
17558	3.345244
17561	3.1142569
1757	3.5306666
17574	3.4428234
17616	3.2452831
17624	3.3992538
17626	3.4
17635	2.9764152
17640	2.9072165
17642	3.6244814
17650	3.1595745
17653	3.2130766
17654	3.007446
17660	2.4666667
17689	2.064516
17693	2.869771
17706	3.2540984
17725	3.4313529
17728	2.6911764
17734	2.9268293
17741	3.2058823
17742	2.7682927
1779	3.142857
1803	3.4171247
1807	2.4710743
1825	3.5
1832	3.5441308
1841	2.2222223
1845	2.5863748
1848	3.5862808
185	2.9764998
1851	3.362442
1853	3.4048681
1868	3.225352
1884	3.0328753
1889	3.0555556
1893	3.0398407
1896	2.5421686
1898	2.862069
1901	3.5550587
1903	2.372093
192	3.0
1924	1.5737705
1944	2.6732674
1951	2.3829787
1952	2.7380953
1958	2.8
1966	2.0454545
1967	3.409091
1983	3.2558439
1993	2.25
2014	2.9160306
2015	3.6659992
2028	2.9607842
2036	2.7380953
2039	3.3658535
2042	2.6714287
2043	3.743434
2053	2.947059
2058	2.2448978
207	2.559322
2079	3.0
2083	3.4829268
2103	3.4025156
2104	3.2457988
2106	3.0935252
2110	3.7191782
2116	2.3028286
2130	3.6618998
214	2.6470587
2147	3.051948
2160	3.6796117
2168	3.5273724
218	2.6216216
2193	2.5241935
2198	3.051454
2212	3.7759342
222	2.3095238
2232	2.6410255
2235	2.7301886
2243	3.3641975
2251	3.1080863
2284	2.9083874
229	3.480198
2290	4.1882944
2298	2.3913043
2313	1.9545455
2316	2.6321568
2342	3.79055
2343	2.2777777
2344	2.7759564
2352	3.2132852
2355	3.171875
2356	2.3710182
2366	3.0365186
237	3.385475
2375	3.4450076
2418	3.6657276
2430	4.1128635
2432	2.301948
2438	2.1971831
2460	3.2517536
2492	3.2517483
2503	3.8124032
2504	2.3235295
2506	3.8693182
2510	2.9924924
2512	3.306636
2518	3.2099419
2528	3.2144036
2532	3.9650502
2544	3.1760564
2552	2.9583333
2560	2.148148
2562	2.0
2565	2.4440677
2569	2.4358974
259	3.155251
2597	3.1844263
2601	3.9329238
2604	2.2142856
2616	2.0545454
2621	2.674877
2629	2.7083333
2640	3.5727775
2642	2.25
2643	3.647346
2658	2.6843033
2659	2.857143
2660	3.9168363
2666	2.9178083
2667	2.0952382
267	3.5706522
2675	2.452725
2678	2.5714285
2682	3.5
2707	3.102564
2715	2.628205
2718	2.4
2731	2.7734864
2745	2.85
2749	3.1121898
2755	3.6750805
2756	3.6096153
2757	3.464064
276	1.9666667
2773	3.1799164
2786	2.8333333
2789	3.1765704
2794	3.2601352
28	3.7601273
2807	2.5692308
2808	3.7151163
2818	3.1864407
2859	2.9252872
2861	4.051787
2866	3.2749944
287	2.9402986
2886	3.530303
2905	3.5179973
2909	2.8051949
2913	4.0018134
2918	2.6164384
2925	3.1944444
2928	3.8070176
2931	2.6510067
2939	2.9906542
2954	3.6763005
2955	3.696562
2969	2.4210527
2985	3.866864
2988	2.9199383
2995	2.5409837
3022	3.0117648
3032	3.8979592
3033	4.5
3043	3.0192838
3044	3.1509433
305	3.5026882
3054	3.5150578
3057	3.6347826
3068	2.9541984
3069	2.903226
3073	3.5841925
3084	3.0892856
3094	2.5142858
3107	3.6361415
3135	3.2195444
3143	3.2154696
3147	3.83592
3149	3.2037036
3151	3.295996
3164	3.6190476
3165	3.5101058
3170	3.6872635
3176	3.056497
318	2.4651163
3189	1.7209302
3192	2.820977
3196	2.4767838
3200	3.370242
3201	2.8421052
3220	2.9273112
3229	3.159116
323	2.4469526
3232	3.7449307
3237	3.3382113
3243	3.112554
3253	3.2913783
3257	2.4807692
3269	3.944622
3271	2.5555556
3274	3.5547569
3281	3.4615386
3285	3.7851253
3290	4.339868
3298	2.2325583
3301	3.6323528
3316	2.7672584
3326	3.0595722
3329	3.107143
3330	3.112069
3351	2.7142856
3355	3.4975462
3359	2.96875
336	3.019802
3418	3.067414
3440	2.6065574
3486	2.9761906
3492	3.1279762
3498	3.3307087
3538	3.5249074
3541	3.7262666
3546	3.3551912
3559	3.4958677
3568	3.4488637
3584	2.857143
3586	2.6666667
3587	3.3912346
359	4.0799794
3590	3.609436
3598	2.970803
361	3.569341
3613	3.26294
3638	3.3705926
3647	2.6615384
3652	3.0358744
3655	2.0280373
3658	2.3714285
3670	3.0280454
3685	3.7147117
3702	3.7151515
3705	2.944056
3706	3.1609194
3722	2.7142856
3727	3.0114942
3733	3.7782738
3734	3.1348448
3740	3.5430498
3742	3.9599924
3743	3.1336265
3760	3.3139014
380	2.974359
3824	3.3759298
3848	2.6142857
3861	2.7333333
3862	2.6834116
3874	2.2948718
3878	2.2807016
3881	2.8636363
3889	2.720812
3890	2.930349
3891	2.4634147
3893	3.470972
3903	3.5834255
3904	2.8333333
3914	3.5947955
3928	4.2348847
3941	3.5208333
3943	3.1818182
3944	2.879185
395	3.9365404
3955	3.624065
3977	2.9701493
3978	2.9480875
398	2.8258488
3994	2.70229
4002	2.9726028
4005	3.5455801
4008	3.4537444
4023	2.1587303
4032	2.7368422
4042	2.9887767
4049	3.813256
4061	3.210084
4064	3.1960099
4076	2.0144928
409	3.5185184
4095	2.4117646
4119	3.260606
4122	3.1531322
4128	2.884058
4129	4.1902437
4144	3.2803986
4152	2.8596492
4160	2.9317074
417	3.9092023
4189	3.3663194
4190	3.054054
4207	4.234758
4215	3.0961537
4218	2.6538463
4224	3.540171
4238	4.3728223
4239	2.594203
4257	3.2993827
4264	3.121212
4268	3.1846154
4272	2.745098
4283	2.7512388
4299	3.4299517
43	2.310345
4329	2.509434
4346	3.0162916
4359	2.8174603
4385	3.7058823
4394	1.9673736
440	2.547619
4405	3.9305382
442	3.8474443
4429	3.0445476
443	3.8289635
4432	3.672147
4439	2.881356
4441	3.3720703
4445	3.064935
4468	4.012403
4485	3.4229722
4496	3.699913
450	2.5333333
4513	3.1311476
4518	3.5416667
452	2.9195766
4538	2.2272727
4544	1.7532468
4546	3.3339796
4552	3.4744623
4556	2.390244
4563	2.9737444
4566	3.0
4569	2.7224596
4574	2.8095238
4586	3.2272637
4613	3.0136054
4619	2.8285713
4627	3.5860717
4637	2.5
4640	4.047439
4645	2.509804
4647	2.7123895
4685	3.0157666
4694	1.9726027
4737	2.7
4742	2.3829787
4750	2.6764705
4761	3.277783
4768	3.6231885
48	3.6206481
481	2.7982457
4811	2.5714285
4837	2.2162163
4840	3.19202
4847	3.9913905
4849	3.5876727
4852	3.0665824
4858	2.974359
4868	3.8956044
4875	1.7857143
4876	3.2195122
4880	2.12
4901	2.440678
4902	3.4320242
4918	2.8787186
4921	2.4067798
4932	3.4561431
4935	2.8089173
4943	3.2289636
4952	2.9484537
4963	3.480198
4966	2.8595505
4981	2.976804
4986	2.0882354
5008	3.3067226
5025	3.8175697
5026	3.5270271
5027	2.945946
5062	2.9078948
5069	3.5678763
507	3.5401554
5096	2.7045076
5098	2.0
510	2.9
5123	2.8015268
5129	3.0945454
5131	2.7
5142	3.1
5143	3.5
5149	3.5124876
5157	2.528302
5159	1.6756756
5160	2.5865386
5175	2.8395905
518	3.7485232
5206	3.5163043
5220	2.8508437
5225	3.0714285
5267	3.0869565
5272	3.3141832
5284	3.4444444
5294	3.7491102
5311	2.4
5326	4.1885223
5327	3.568133
5336	3.1010454
5337	2.6792452
5342	2.8244874
5361	3.1584158
5364	3.0277777
5367	3.0081437
5369	3.8730159
5408	3.7738094
541	2.3142858
5425	2.9603174
5426	2.9270518
543	3.0553505
5465	2.804878
5474	2.49011
5484	2.925
5485	3.2592592
5552	3.0
5556	3.4221454
5562	3.661718
5568	2.4891775
557	2.3977273
5577	3.9471831
5604	2.5261781
5607	3.39052
5623	2.8533332
5640	3.1325967
5641	2.16
5651	3.0241122
5656	3.6195889
566	2.9287598
5699	3.6486487
5700	4.181549
5716	2.9804618
5727	3.5852196
5729	2.3235295
5748	2.9923663
5760	4.41069
5766	2.6026785
577	4.179767
578	2.3977273
5785	2.744681
5790	2.2575758
5799	3.1703124
5813	3.4904215
5814	3.0130615
5827	2.7435896
583	2.8253968
5835	2.5925925
5849	3.1290324
5877	3.2899485
5883	3.4817073
5897	2.9861627
5898	3.9814434
5901	3.0277777
5911	2.6140351
5921	2.969697
594	2.3529413
5941	3.4025156
5943	3.411005
5945	3.8392856
595	3.807786
5958	3.5325356
5963	3.716227
5966	2.5106382
5970	3.6198466
5979	2.6888888
6013	3.018238
6014	3.1743772
606	3.2552083
6066	3.4220624
6069	2.425
6085	3.939438
6086	3.2453988
6093	3.7887564
61	2.3859649
6103	2.0185184
6110	3.6039436
6121	2.2641509
6131	3.3913043
6136	2.6756756
6137	2.46875
6140	2.4375
6172	3.4529262
6177	3.5195835
6190	3.637161
6200	2.8375
6208	1.7439024
6215	3.1
6220	3.5981736
6226	3.3823934
6228	3.6067615
6230	2.954902
6234	3.2237053
6250	2.5229886
6252	2.4722223
6257	2.3043478
626	3.5028248
6260	2.6790123
6276	2.3584905
6277	2.1
6281	3.6296296
6285	2.8
6287	3.72611
6289	2.3943663
6291	3.0842671
6308	2.6349206
6315	2.7595391
6318	3.2887402
6334	3.0360293
6336	3.403546
6338	2.630137
634	4.1954226
6347	2.8698392
6354	2.2790697
6356	2.7087379
6358	2.508772
636	3.4598684
6363	1.637931
638	3.4141867
6389	3.5686812
6390	2.4827585
6395	3.2035398
64	2.4666667
6400	3.4661355
6405	2.754386
6406	3.1142857
6408	3.801302
6417	2.6557376
6419	2.7192984
642	3.8492463
6424	3.7796373
6446	2.7153285
6448	3.013834
6466	2.7441862
6467	2.9666667
647	3.3243244
6480	2.325
6481	2.5461538
6482	3.418897
6522	3.764706
6523	3.3763473
6529	3.4735532
6536	2.8333333
6537	2.1176472
6541	3.5490654
6543	3.2099447
655	3.262931
6550	2.9939394
6556	3.4160156
6562	2.65625
6566	3.533101
6567	2.9958677
6593	3.0318022
66	2.1384616
6611	2.5735295
6619	3.1046512
6629	2.7319589
6650	3.8042812
666	2.9539473
6663	2.8767123
6666	3.4942887
6668	2.484375
6678	2.5238094
6680	2.8985507
669	2.1052632
6714	3.3793104
6737	2.8317757
6743	2.7142856
6748	3.3297415
6756	4.0359282
681	3.4135966
6830	2.6176472
6839	2.265625
6871	3.0601504
6872	3.5423853
6885	2.7272727
6889	2.4146342
6892	3.6751268
6894	2.5416667
6901	3.1986754
6911	3.3891559
6912	3.5904908
6914	3.0239725
6917	3.2695186
6919	2.6601124
6932	3.1111112
6939	3.8547008
6946	3.3953488
6965	3.080645
6971	4.0718155
6975	1.9130435
6979	2.8888888
6985	3.2648222
6988	3.223095
6991	2.8
6998	2.3461537
7011	2.8125
7016	4.318182
7022	2.895105
7030	3.125
7033	2.1612904
7061	2.3157895
7063	2.049505
7067	2.9345255
7068	2.32
7075	2.4150944
7077	2.8981042
7084	2.3580246
7089	1.675
7109	2.7654321
7116	2.652174
712	4.036053
7132	2.5353534
7136	2.31
7137	3.288889
7145	3.5390933
7147	3.9944444
7148	3.5958188
718	3.2092257
7186	3.4409614
7188	3.1030927
722	4.0404315
723	2.9663744
7236	2.4230769
7238	2.9444702
7244	3.4183674
7247	3.2167182
725	3.4896142
7255	2.5517242
7257	3.3353138
7262	3.3549922
7273	3.2184875
7283	3.4
7292	3.0316455
7299	2.6933334
7329	2.451613
7334	3.8531075
7339	2.3880596
735	2.3214285
7382	3.550562
7386	3.011628
7387	3.7387173
740	2.6962025
7400	3.9813085
7406	3.522301
7408	3.275862
7418	2.0203488
7437	2.9
7442	2.6649146
7445	4.1987576
7458	2.122449
7466	2.7943263
7476	3.0307693
7495	2.911215
7503	2.4117646
7505	3.83125
7511	3.5834916
7512	2.4117646
7516	3.9117646
7517	3.4256213
7518	2.2710843
7524	2.9911075
7527	2.4727273
7537	3.87689
7544	3.1002507
7551	3.209524
7557	3.6038136
7567	2.2698412
7569	4.3838863
7571	3.322973
7577	3.9929454
7587	2.061157
7607	3.0553977
761	2.5257452
7625	2.9927797
7638	3.6965175
7656	3.1111112
7681	3.4588234
7698	2.8846154
7721	3.1836734
7726	2.2314816
7736	3.6069183
7747	3.2222223
7763	3.6629303
7768	2.5084746
7770	2.6666667
7776	3.2903225
779	2.4932432
7801	3.6335878
7802	2.2222223
7806	3.1149426
7812	3.8303502
7822	2.5272727
7823	3.703125
7838	2.3809524
7858	3.425926
7868	3.0086706
7899	2.849366
790	2.8432837
7901	2.25
7903	3.9663866
7906	3.0597014
7916	3.475
7919	3.3690958
7921	2.0212767
7923	3.0
7931	2.8659794
7939	2.78341
795	3.1123595
7950	2.6341465
7968	3.059322
797	3.0067568
7973	3.5572233
7991	3.1398134
8	3.0551043
8002	2.5333333
8005	2.648148
8007	2.72
8008	2.9583333
8017	3.636923
8023	2.1276596
8029	3.707317
8039	3.4905336
8051	2.9111369
8052	2.739521
8058	2.3333333
8072	3.9123104
8085	3.5690377
8096	3.3281853
8107	3.8090875
8121	2.994083
8128	3.2606382
813	2.6833334
815	2.867347
816	3.0769231
8162	3.1766946
8163	3.420459
8166	3.4164524
8182	2.3043478
8200	2.704301
8206	2.936508
8207	2.5172415
8220	2.5714285
8249	2.7971015
826	2.6065574
8260	2.8285713
8268	2.0
827	2.4545455
8307	2.595525
8315	3.4273255
834	2.960396
8341	2.8470588
8352	2.622449
8354	3.6981819
8365	2.5877192
8384	2.915839
8390	2.7037036
8392	3.377551
8401	1.9589041
8422	2.4339623
8428	3.486172
8435	2.4153845
844	2.642857
8448	2.9354208
8452	3.0051022
8458	2.8095238
8488	3.1619718
849	3.238349
8491	1.925926
8493	3.4553943
8495	2.3488371
850	3.2757354
851	3.8436384
8512	3.4208992
852	2.9212599
8526	3.8139656
8534	2.987342
8537	2.2769232
855	2.4473684
8560	2.942857
8561	3.1052632
8566	2.6666667
8582	2.7386363
8594	2.8244274
8596	4.1033688
8628	2.4727273
865	3.1707318
8654	3.9043152
8657	2.7380953
8661	2.3387096
8677	3.8252625
8678	3.9576747
8692	3.109375
8697	2.8068964
8699	3.5560942
8703	3.421217
8706	2.5308642
8718	2.7142856
8738	2.516129
8766	2.3764706
8770	3.7132354
878	2.5714285
8781	3.451359
8798	1.8888888
8804	2.6567163
8825	3.605843
8842	3.3636363
8849	3.176923
885	2.966443
8851	3.6422033
8867	3.0496614
888	2.4333334
8889	2.9816754
8896	2.8285713
8905	2.8758621
8915	3.9663372
8919	2.7568922
8920	2.6971831
8921	2.319149
8933	4.111111
8951	3.82243
8977	3.4368932
8994	3.065134
9025	3.0162601
9028	3.682731
9043	3.3945348
9046	3.8982036
9059	2.8685832
907	4.0120645
9087	3.0468497
909	2.9285715
9093	2.5
9107	2.5609756
911	2.9566667
9130	3.2962964
9131	3.0570712
9152	3.0462468
916	3.5144033
9167	2.142857
9186	2.203125
9187	2.9492753
9199	3.4722223
92	3.0895522
9202	3.6557863
923	3.1836734
9230	3.2922077
9237	3.4013362
9256	3.0979133
9297	3.3428571
930	3.0808315
9310	3.4997842
9324	3.638614
9337	3.7619047
9343	2.6026666
9376	3.0270271
9401	2.0243902
9404	2.75
9410	2.9434187
9421	2.960055
9422	2.9607143
9423	3.3224638
946	2.4081633
9481	3.657411
9482	3.5980392
949	3.259552
9492	3.047619
9517	3.225082
9518	2.4148862
9528	4.0709486
9530	2.6666667
9537	2.9607842
9550	2.2538462
9551	2.8060606
9567	3.81117
9568	2.7578948
96	3.0136986
960	3.48547
9600	1.7926829
9602	2.1929824
9607	3.296875
9612	2.8297873
9617	3.4055362
9620	2.9375
9629	3.007722
9632	2.375
9640	3.2676055
9650	2.6859505
9672	3.4251134
9681	3.532004
9689	3.9307723
9691	3.5
9696	1.6129032
9697	2.7941177
9699	3.4435697
9701	3.7650273
9716	2.7246377
9717	3.327146
9719	1.9775281
9720	2.7580645
9728	3.8246205
9730	2.2222223
9735	2.862069
9744	2.4242425
9747	3.6828282
9750	2.687075
9752	3.2139175
9767	3.1515152
9798	3.3899393
9805	3.6995788
9817	2.9192545
9819	3.6766055
9824	3.0507882
9831	3.2946236
9843	3.2900763
9854	3.5306122
9855	2.665
9867	2.9753087
9875	2.8705149
9885	2.4761906
9890	3.1785715
9897	2.0727272
992	3.8381796
9920	2.968
9930	2.2368422
9945	3.3068182
9946	3.861709
9953	2.5294118
9967	2.7575758
9973	3.2857144
9989	2.548387
9993	3.6826348
9997	3.3963134
